Time period 1
Volume	Supply	Demand	Supply linear	Demand linear
0.00	0.10
71.00	0.10		0.10
0.00		76.60
1.00		76.60		76.60
71.00	4.00
190.00	4.00		4.00
1.00		49.20
22.00		49.20		49.20
190.00	7.50
228.00	7.50		7.50
22.00		41.60
244.00		41.60		41.60
228.00	11.40
241.00	11.40		11.40
244.00		35.30
247.00		35.30		35.30
241.00	14.70
317.00	14.70		14.70
247.00		33.00
268.00		33.00		33.00
317.00	15.50
378.00	15.50		15.50
268.00		32.50
447.00		32.50		32.50
378.00	17.70
479.00	17.70		17.70
447.00		31.10
460.00		31.10		31.10
479.00	18.80
682.00	18.80		18.80
460.00		29.70
462.00		29.70		29.70
682.00	21.50
820.00	21.50		21.50
462.00		29.10
576.00		29.10		29.10
820.00	22.90
918.00	22.90		22.90
576.00		29.00
594.00		29.00		29.00
918.00	28.50
1296.00	28.50		28.50
594.00		26.50
841.00		26.50		26.50
1296.00	33.60
1304.00	33.60		33.60
841.00		25.00
842.00		25.00		25.00
1304.00	37.20
1360.00	37.20		37.20
842.00		23.70
873.00		23.70		23.70
1360.00	40.30
1368.00	40.30		40.30
873.00		16.50
1138.00		16.50		16.50
1368.00	41.40
1403.00	41.40		41.40
1138.00		16.50
1211.00		16.50		16.50
1403.00	43.70
1457.00	43.70		43.70
1211.00		14.90
1213.00		14.90		14.90
1457.00	46.20
1521.00	46.20		46.20
1213.00		12.30
1327.00		12.30		12.30
1521.00	47.50
1547.00	47.50		47.50
1327.00		6.90
1329.00		6.90		6.90
1547.00	48.50
1580.00	48.50		48.50
1329.00		1.30
1657.00		1.30		1.30
1580.00	51.90
1679.00	51.90		51.90
1657.00		0.30
1677.00		0.30		0.30

Time period 2
Volume	Supply	Demand	Supply linear	Demand linear
0.00	0.10
24.00	0.10		0.10
0.00		63.20
1.00		63.20		63.20
24.00	6.60
30.00	6.60		6.60
1.00		52.70
816.00		52.70		52.70
30.00	9.10
908.00	9.10		9.10
816.00		51.00
1065.00		51.00		51.00
908.00	11.30
972.00	11.30		11.30
1065.00		50.30
1255.00		50.30		50.30
972.00	13.50
1011.00	13.50		13.50
1255.00		35.20
1276.00		35.20		35.20
1011.00	15.80
1023.00	15.80		15.80
1276.00		34.10
1298.00		34.10		34.10
1023.00	25.80
1145.00	25.80		25.80
1298.00		30.40
1420.00		30.40		30.40
1145.00	31.20
1151.00	31.20		31.20
1420.00		29.50
1446.00		29.50		29.50
1151.00	33.20
1159.00	33.20		33.20
1446.00		29.00
1479.00		29.00		29.00
1159.00	34.30
1229.00	34.30		34.30
1479.00		27.90
1490.00		27.90		27.90
1229.00	35.70
1308.00	35.70		35.70
1490.00		27.40
1624.00		27.40		27.40
1308.00	36.50
1317.00	36.50		36.50
1624.00		27.30
1698.00		27.30		27.30
1317.00	38.90
1472.00	38.90		38.90
1698.00		24.80
1735.00		24.80		24.80
1472.00	40.10
1502.00	40.10		40.10
1735.00		23.20
1753.00		23.20		23.20
1502.00	41.50
1659.00	41.50		41.50
1753.00		20.40
1904.00		20.40		20.40
1659.00	42.20
1722.00	42.20		42.20
1904.00		18.10
2069.00		18.10		18.10
1722.00	44.20
1728.00	44.20		44.20
2069.00		15.50
2183.00		15.50		15.50
1728.00	45.00
1830.00	45.00		45.00
2183.00		12.30
2186.00		12.30		12.30
1830.00	45.30
2095.00	45.30		45.30
2186.00		3.30
2202.00		3.30		3.30
2095.00	49.80
2158.00	49.80		49.80
2202.00		0.50
2232.00		0.50		0.50

Time period 3
Volume	Supply	Demand	Supply linear	Demand linear
0.00	0.10
12.00	0.10		0.10
0.00		83.20
846.00		83.20		83.20
12.00	5.60
73.00	5.60		5.60
846.00		63.50
1095.00		63.50		63.50
73.00	12.60
110.00	12.60		12.60
1095.00		56.40
1096.00		56.40		56.40
110.00	13.50
133.00	13.50		13.50
1096.00		47.30
1268.00		47.30		47.30
133.00	15.10
140.00	15.10		15.10
1268.00		34.40
1271.00		34.40		34.40
140.00	19.40
174.00	19.40		19.40
1271.00		32.70
1341.00		32.70		32.70
174.00	25.70
242.00	25.70		25.70
1341.00		31.70
1716.00		31.70		31.70
242.00	27.10
251.00	27.10		27.10
1716.00		30.80
1748.00		30.80		30.80
251.00	27.80
1071.00	27.80		27.80
1748.00		27.00
1764.00		27.00		27.00
1071.00	32.40
1082.00	32.40		32.40
1764.00		25.10
1784.00		25.10		25.10
1082.00	35.70
1191.00	35.70		35.70
1784.00		23.20
1801.00		23.20		23.20
1191.00	36.90
1203.00	36.90		36.90
1801.00		21.90
1917.00		21.90		21.90
1203.00	38.10
1324.00	38.10		38.10
1917.00		21.20
2045.00		21.20		21.20
1324.00	39.20
1387.00	39.20		39.20
2045.00		20.60
2196.00		20.60		20.60
1387.00	40.70
1549.00	40.70		40.70
2196.00		18.50
2312.00		18.50		18.50
1549.00	41.70
1624.00	41.70		41.70
2312.00		17.40
2335.00		17.40		17.40
1624.00	44.50
1830.00	44.50		44.50
2335.00		15.70
2347.00		15.70		15.70
1830.00	47.20
1893.00	47.20		47.20
2347.00		11.00
2511.00		11.00		11.00
1893.00	48.40
1966.00	48.40		48.40
2511.00		1.40
2647.00		1.40		1.40
1966.00	51.30
1975.00	51.30		51.30
2647.00		0.40
2679.00		0.40		0.40

Time period 4
Volume	Supply	Demand	Supply linear	Demand linear
0.00	0.10
61.00	0.10		0.10
0.00		67.50
873.00		67.50		67.50
61.00	6.10
70.00	6.10		6.10
873.00		66.20
874.00		66.20		66.20
70.00	8.70
137.00	8.70		8.70
874.00		60.00
1086.00		60.00		60.00
137.00	10.40
174.00	10.40		10.40
1086.00		53.00
1258.00		53.00		53.00
174.00	12.30
285.00	12.30		12.30
1258.00		36.50
1292.00		36.50		36.50
285.00	16.40
350.00	16.40		16.40
1292.00		34.10
1295.00		34.10		34.10
350.00	17.50
580.00	17.50		17.50
1295.00		27.60
1328.00		27.60		27.60
580.00	21.30
698.00	21.30		21.30
1328.00		27.00
1341.00		27.00		27.00
698.00	22.40
880.00	22.40		22.40
1341.00		26.40
1411.00		26.40		26.40
880.00	29.70
916.00	29.70		29.70
1411.00		25.90
1443.00		25.90		25.90
916.00	31.90
986.00	31.90		31.90
1443.00		24.90
1476.00		24.90		24.90
986.00	33.10
1050.00	33.10		33.10
1476.00		23.60
1596.00		23.60		23.60
1050.00	33.70
1159.00	33.70		33.70
1596.00		22.10
1607.00		22.10		22.10
1159.00	34.10
1168.00	34.10		34.10
1607.00		20.30
1739.00		20.30		20.30
1168.00	37.90
1197.00	37.90		37.90
1739.00		16.00
1971.00		16.00		16.00
1197.00	40.10
1295.00	40.10		40.10
1971.00		11.20
2133.00		11.20		11.20
1295.00	41.20
1361.00	41.20		41.20
2133.00		9.90
2153.00		9.90		9.90
1361.00	42.10
1369.00	42.10		42.10
2153.00		2.40
2177.00		2.40		2.40
1369.00	45.10
1382.00	45.10		45.10
2177.00		1.50
2339.00		1.50		1.50
1382.00	49.50
1831.00	49.50		49.50
2339.00		0.30
2356.00		0.30		0.30

Time period 5
Volume	Supply	Demand	Supply linear	Demand linear
0.00	0.10
38.00	0.10		0.10
0.00		75.70
821.00		75.70		75.70
38.00	1.00
76.00	1.00		1.00
821.00		58.80
822.00		58.80		58.80
76.00	4.40
228.00	4.40		4.40
822.00		53.30
1167.00		53.30		53.30
228.00	6.60
263.00	6.60		6.60
1167.00		44.50
1355.00		44.50		44.50
263.00	8.70
329.00	8.70		8.70
1355.00		42.50
1598.00		42.50		42.50
329.00	11.80
377.00	11.80		11.80
1598.00		34.00
1626.00		34.00		34.00
377.00	16.10
476.00	16.10		16.10
1626.00		32.20
1638.00		32.20		32.20
476.00	22.30
573.00	22.30		22.30
1638.00		31.10
1657.00		31.10		31.10
573.00	31.70
600.00	31.70		31.70
1657.00		30.00
1685.00		30.00		30.00
600.00	33.00
759.00	33.00		33.00
1685.00		27.70
1866.00		27.70		27.70
759.00	34.90
793.00	34.90		34.90
1866.00		26.10
1898.00		26.10		26.10
793.00	36.50
1467.00	36.50		36.50
1898.00		25.30
1929.00		25.30		25.30
1467.00	37.50
1518.00	37.50		37.50
1929.00		22.40
2133.00		22.40		22.40
1518.00	39.70
1596.00	39.70		39.70
2133.00		20.80
2300.00		20.80		20.80
1596.00	41.70
1624.00	41.70		41.70
2300.00		20.20
2368.00		20.20		20.20
1624.00	45.10
1690.00	45.10		45.10
2368.00		11.90
2408.00		11.90		11.90
1690.00	48.80
1830.00	48.80		48.80
2408.00		11.70
2650.00		11.70		11.70
1830.00	51.70
1982.00	51.70		51.70
2650.00		7.50
2653.00		7.50		7.50
1982.00	58.70
2022.00	58.70		58.70
2653.00		4.10
2670.00		4.10		4.10
2022.00	59.50
2063.00	59.50		59.50
2670.00		0.30
2790.00		0.30		0.30

